 ####### 你.wav ######
 x:36 y:12
 5.91157  20.08285  -8.32104  -26.21124  -29.94733  -12.81514  -11.15783  -15.07378  -21.57920  -16.09385  -5.83098  -2.56897 
 -50.49878  10.14242  5.47171  -13.19312  -12.58811  -8.51052  -11.82458  -0.34580  -18.67391  -17.33722  -12.05222  -11.79867 
 -73.33384  0.17832  10.10197  2.03984  -1.72787  -7.25691  -3.53470  6.85929  -8.21931  -7.38192  -2.94337  -6.29582 
 -70.50414  -8.49267  1.85160  -5.89235  6.10485  1.98190  1.18000  5.55029  1.33222  4.99417  3.35659  3.09672 
 -65.61884  -4.66527  17.12484  -9.76782  25.56708  8.25054  1.34689  19.67622  -1.31806  12.22680  6.16965  -7.72968 
 -47.98633  -7.79897  11.83634  -4.19291  13.44023  5.51584  -14.28013  8.16986  -14.03893  3.46959  -2.48857  -4.66778 
 -24.73905  -0.43585  7.23889  -21.17084  -12.55687  -5.66106  -18.33745  -7.04533  -17.23060  -9.04238  -12.79887  -5.62159 
 -33.80236  3.80189  19.02783  -46.44688  -22.03046  -4.00539  -18.14420  -6.96871  -17.09966  -12.94499  -14.60202  -7.83695 
 -60.66262  10.18859  15.53306  -3.80883  -8.48611  -9.77035  -8.42631  8.89268  -7.13638  -9.66090  -4.14778  -4.37936 
 -72.59486  -7.90661  0.23546  -3.66318  -0.58622  -3.08661  0.31264  4.28813  -2.85715  -0.37310  2.04218  2.07507 
 -70.77664  -8.59363  9.57171  -11.69990  16.09789  4.94868  2.35131  11.82412  3.33649  11.77555  6.94666  -1.86308 
 -51.30501  -6.94606  15.29142  -3.50839  20.23344  10.01838  -10.79074  13.92587  -11.06581  7.27419  0.86125  -3.98220 
 -37.92744  -4.84524  12.29188  -14.80534  1.48837  0.62704  -21.04282  0.72115  -17.60184  -5.18453  -9.70499  -4.05612 
 -38.40052  2.12561  23.40012  -62.02912  -11.35148  -2.16426  -22.75901  -9.58906  -21.01718  -10.81306  -13.94527  2.56267 
 -53.84323  10.39467  17.49600  -12.99711  -10.13566  -10.37729  -19.99798  -0.53317  -11.19718  -9.31776  -1.04253  5.00057 
 -71.51289  -1.92971  6.16487  -2.11533  -5.37076  -10.83116  -5.98727  4.31233  -6.15460  -2.45549  4.58558  3.36676 
 -70.40369  -8.62824  3.71897  -8.09322  9.46636  3.60923  1.12376  7.05071  2.43406  7.42043  4.21731  2.30313 
 -58.43836  -5.62917  16.22327  -7.08576  25.73667  11.41094  -4.86050  20.82340  -4.93780  12.87017  6.15857  -4.43876 
 -41.75917  -4.84456  13.61771  -8.67461  4.92874  -0.43900  -21.15426  2.98157  -11.65986  5.26640  0.78090  0.72650 
 -50.29617  3.87662  30.77955  -47.67819  -16.38575  -7.09734  -32.34672  -16.49896  -14.51862  -4.63228  -9.29291  11.62539 
 -70.19474  -4.76658  16.41755  -37.97640  -21.59796  -15.20808  -36.81442  -19.33461  -9.76147  -4.35775  -14.57549  10.22495 
 -73.17063  3.54335  15.09600  2.53231  -5.16007  -14.75734  -13.51426  2.96489  -7.07797  -2.88870  4.47729  2.83558 
 -71.42527  -8.43646  0.59351  -4.21535  2.65328  -0.50582  0.78545  4.35130  -0.49567  2.53860  2.99624  3.42608 
 -70.79256  -7.85564  12.98245  -12.69375  19.58652  5.40586  3.25654  16.27887  3.32007  14.28899  8.90195  -4.07402 
 -48.22413  -7.04899  12.39255  -6.49981  13.53663  5.01812  -13.98556  11.15588  -10.18821  8.28970  2.09807  -2.04314 
 -39.10301  -6.04101  7.86537  -18.76910  -8.80271  -10.13507  -24.20214  -4.09529  -10.91373  4.21842  -0.27749  5.97866 
 -33.37702  -5.26470  10.41343  -39.96478  -19.85337  -17.70217  -12.98205  -6.07094  -9.54884  0.79692  -2.96755  13.85065 
 -70.62909  7.11480  16.34316  1.02172  -6.27857  -13.72125  -14.52762  5.90724  -5.49664  -2.62226  1.96140  -1.44383 
 -74.08553  -6.41403  2.08663  -2.25563  -2.12616  -5.53249  -1.15161  4.43813  -5.24355  -2.34965  2.11690  1.41382 
 -70.56883  -8.65176  6.27242  -10.13070  12.78807  4.63265  1.48252  9.08202  3.13127  9.73168  5.44869  0.61298 
 -59.38364  -10.19137  15.36912  -2.28010  27.33545  16.21739  -4.95417  19.85839  -9.13871  8.09033  0.22234  -6.95413 
 -49.86595  -11.60055  7.35349  -5.11823  7.96481  2.68196  -15.35250  6.42620  -12.06174  5.93060  0.52140  -0.33361 
 -23.34836  -7.03009  -16.96219  -20.84682  -13.57211  -17.38819  -17.03896  -4.69511  -4.46812  -4.86609  -1.29192  4.22346 
 -22.26507  -2.22616  -7.76707  -30.20835  -17.97651  -17.09868  -15.48144  -7.61252  -6.71731  -2.53255  -3.03542  4.47407 
 9.10992  23.85369  5.89363  -14.06507  -8.96163  -14.46254  -5.63209  -9.44337  -5.26925  4.39207  -2.99791  1.84256 
 26.22254  32.20321  -3.23367  2.80812  4.30786  -14.82635  -2.80280  0.37419  2.18386  5.24532  -0.36623  -4.22887 

 ####### 好.wav ######
 x:56 y:12
 -62.62504  -47.10802  -24.42774  -9.29127  5.55598  -19.96893  -5.68155  2.15742  -2.08569  -12.74372  -0.57378  -18.30963 
 -73.84904  -0.88369  12.83426  6.45455  2.37694  -6.15316  -11.64821  9.92593  -0.75942  -2.03126  -2.49714  -7.49535 
 -76.84141  -2.24861  8.93712  2.19154  -0.84646  -6.35501  -2.64227  8.58746  -5.06629  -3.62664  1.07993  -2.96205 
 -70.66724  -8.55526  1.79816  -5.85168  6.14442  1.99532  1.16565  5.53419  1.32608  4.94109  3.39936  3.13227 
 -66.31800  -5.22562  16.75895  -9.93029  25.59906  8.44123  1.63855  20.01112  -0.95466  12.64327  6.67679  -7.11716 
 -63.72238  -17.28882  10.48408  2.12727  25.01534  18.97144  -1.96841  17.16031  -9.37796  3.99409  -5.14049  -9.21901 
 -58.07170  -20.06013  0.12356  -0.54205  10.14329  2.35922  -9.90170  6.71027  -8.30625  -1.56090  -8.71062  -6.69155 
 -65.91504  -50.89350  -38.54772  -11.38120  18.82620  -20.66337  -10.58097  3.01290  -1.27738  -8.50029  -8.51416  -2.37901 
 -77.62560  2.10770  15.39169  5.42194  -0.12107  -7.91918  -8.01614  10.03920  -2.42130  -1.52890  1.08578  -5.92576 
 -73.60859  -8.37743  0.23735  -3.01532  0.24767  -2.50709  0.58965  4.43242  -2.61639  -0.25478  2.17551  2.00139 
 -70.77664  -8.59363  9.57171  -11.69990  16.09789  4.94868  2.35131  11.82412  3.33649  11.77555  6.94666  -1.86308 
 -62.11111  -13.81075  13.62677  0.38996  27.74215  18.84108  -2.72501  19.49537  -9.12445  6.17667  -2.47323  -8.33056 
 -61.58635  -21.98624  3.62285  1.93603  17.41445  12.73757  -7.08242  11.08356  -9.69721  3.49842  -5.22682  -6.07784 
 -8.71691  -34.25854  -42.70529  -14.84815  8.25995  -28.45945  -30.05638  -11.28055  -9.04508  -10.14608  -8.40934  -8.23186 
 -54.25014  -13.46253  -12.37436  -3.59280  11.61206  2.68161  -16.02402  -1.50626  -8.01491  -1.32369  1.15609  -5.71844 
 -74.87552  -7.10369  2.30907  0.25198  1.13872  -4.70790  -3.47179  3.96093  -6.05744  -1.85068  3.04453  -1.08522 
 -70.43156  -8.61894  3.72054  -8.05417  9.50319  3.65136  1.16042  7.07314  2.44509  7.39917  4.22287  2.29495 
 -62.69236  -8.06632  16.23462  -4.35423  30.09848  15.63184  -1.76211  22.05838  -6.05805  9.94122  2.42905  -7.89211 
 -54.80342  -20.27408  2.76347  -1.04525  22.11995  15.68552  -6.67745  12.79399  -10.34089  3.39364  -5.78954  -8.22006 
 -11.19296  -50.36761  -37.39360  -10.05576  21.25941  -2.37945  -25.85394  -0.28172  -10.33344  -10.33725  -8.78836  -8.72866 
 -35.70843  -46.76652  -44.16988  -14.97652  14.01595  2.04735  -23.52201  -3.75374  -7.41066  -10.12811  -11.79488  -6.03477 
 -67.41980  -10.26150  -4.27257  -1.60379  7.15668  0.80538  -6.39216  5.03298  -4.03212  0.50808  3.23308  -5.82695 
 -71.73280  -8.76058  0.29192  -4.10249  3.06260  -0.06690  0.99941  4.54123  -0.26814  2.41645  2.68344  2.93332 
 -70.79256  -7.85564  12.98245  -12.69375  19.58652  5.40586  3.25654  16.27887  3.32007  14.28899  8.90195  -4.07402 
 -56.45248  -14.16869  9.75689  -2.19669  22.05170  13.62656  -7.44075  15.07168  -8.84581  8.45708  1.56795  -3.29334 
 -32.30093  -31.85004  -21.11259  -11.51566  16.42308  5.56133  -19.13416  2.61877  -8.26625  7.12431  -1.43723  -3.89874 
 -15.89612  -47.47851  -27.50349  -32.02737  27.21118  -12.49232  -26.51920  -4.83376  -12.45212  -1.30716  -1.45560  -1.85476 
 -56.80778  -13.86666  -12.32173  -3.63824  13.19512  2.99767  -14.79027  -2.69675  -8.78294  1.87238  6.58728  -1.58184 
 -74.26065  -8.65255  -0.15027  -1.83034  0.35236  -3.77651  -1.34340  3.60451  -5.14065  -1.65689  2.28597  0.13102 
 -70.57695  -8.64666  6.27364  -10.11365  12.79985  4.64003  1.48488  9.07834  3.12089  9.70711  5.43771  0.59948 
 -60.00142  -11.17161  14.70634  -2.04353  28.31694  17.21668  -4.36719  20.11643  -8.93189  8.29377  0.24600  -7.07463 
 -45.32794  -21.80562  -6.26376  -8.73894  16.22930  10.84673  -12.05051  6.94076  -10.48087  8.36996  0.84077  -1.32416 
 -12.60856  -39.67767  -34.07223  -39.93366  30.09783  -15.45489  -21.01153  -4.35326  -11.08513  -5.72930  -2.83716  -4.31993 
 -34.09787  -20.39377  -32.58419  -20.97089  14.75871  4.08913  -15.54616  -2.47479  -10.11596  -0.12207  -0.08070  -4.08931 
 -69.43345  -10.14428  -4.02934  -1.75925  5.96188  0.15935  -4.09822  2.70976  -8.34267  -2.79153  2.56846  -2.91594 
 -70.61659  -8.52178  1.84500  -5.77139  6.23212  2.03208  1.14308  5.50184  1.30596  4.91671  3.36696  3.10046 
 -66.13353  -5.11954  16.83655  -9.84145  25.66022  8.45800  1.64508  20.01505  -1.02269  12.47793  6.48188  -7.26989 
 -51.71839  -16.19220  3.67523  -5.73100  19.60950  14.47245  -6.82878  12.87694  -10.92015  5.52224  -1.35215  -3.63204 
 -19.15610  -26.16474  -34.50636  -31.39437  13.25622  3.95986  -12.73625  -3.60670  -15.24221  1.69643  -4.59041  -5.24247 
 -1.38072  -22.19753  -40.89379  -40.38498  26.11865  -3.45002  -12.85762  -1.50114  -15.31033  -4.44773  -0.10652  -7.20221 
 -59.96727  -7.43500  -8.83648  -10.54850  2.51068  4.13511  -2.51817  5.65327  -7.66896  -0.51587  6.52182  -1.44284 
 -73.24337  -8.69835  -0.36513  -3.31873  0.31506  -2.49623  0.15176  3.81147  -2.80924  0.12967  2.68406  2.31113 
 -70.77664  -8.59363  9.57171  -11.69990  16.09789  4.94868  2.35131  11.82412  3.33649  11.77555  6.94666  -1.86308 
 -57.37902  -11.97727  12.24402  -3.31262  23.09046  14.59521  -5.42774  18.93265  -7.52247  9.23044  1.13680  -5.18446 
 -36.22764  -18.46091  -11.33580  -17.69030  5.14999  7.89888  -9.38280  8.60922  -10.07989  6.29121  -1.25533  -3.48375 
 1.52536  -20.69042  -41.20809  -45.36061  15.71498  -10.50088  -20.84743  -3.74248  -9.62014  -8.37783  -6.13259  -9.42145 
 -47.20255  -3.37028  -9.72560  -14.96729  -2.80389  1.24574  -8.61783  4.59218  -4.56000  1.40548  1.62307  -7.09371 
 -74.53963  -5.70272  3.17467  -0.94584  -0.60990  -3.42923  0.06841  6.79191  -5.35464  -2.95395  1.36454  -2.28534 
 -70.41263  -8.60255  3.73297  -8.04143  9.52078  3.68516  1.19569  7.09634  2.46113  7.41214  4.23110  2.29206 
 -62.23668  -7.49204  16.59011  -4.48870  29.51584  14.88017  -2.45261  21.39981  -6.54987  9.68783  2.54303  -7.57139 
 -52.55681  -12.88555  6.77081  -5.76682  11.50199  6.79318  -9.71859  12.72165  -7.36935  8.39921  1.71475  -1.58009 
 -9.50467  -8.98435  -24.67257  -23.16960  -12.68611  -21.71265  -24.44188  -6.53349  -5.62758  -5.47674  -7.02905  -7.80242 
 -28.44686  -5.88566  -16.79603  -16.81245  -2.31233  1.50159  -12.27614  0.36540  1.08298  2.93322  -3.93576  -0.85760 
 -70.22790  -2.34884  5.15612  -1.19573  0.05904  -2.27892  -2.76042  7.72837  -6.04176  -2.91621  1.97456  -4.28659 
 -67.18316  -4.92597  0.13783  -1.99272  -0.76132  -1.36030  1.67220  1.54917  -3.86760  -1.27706  3.13291  6.18043 
 -52.05266  -0.35088  2.66942  -3.43144  3.06690  5.05934  0.14000  -7.54115  -1.63529  2.43182  1.30322  4.44126 

 ####### 小.wav ######
 x:46 y:12
 -93.49096  19.19037  -18.51173  -10.81717  -1.44023  -5.20383  6.25367  -14.32006  5.58777  -5.52293  4.88430  -4.42519 
 -88.02819  15.90302  8.26680  4.27347  -0.38212  -8.63837  -3.24178  0.77962  3.64384  -5.07970  5.63354  -7.87094 
 -76.81029  -1.90159  8.93915  2.04371  -1.19935  -6.48605  -2.67768  8.62242  -4.84132  -3.47184  1.65270  -2.71717 
 -70.65441  -8.56954  1.79658  -5.88192  6.12826  1.99332  1.17246  5.54337  1.33803  4.97762  3.40713  3.14713 
 -66.30988  -5.19405  16.76162  -9.90487  25.62238  8.48292  1.67618  20.05536  -0.91278  12.67632  6.69428  -7.13657 
 -66.12733  -14.74652  8.63765  2.83846  24.33905  18.11436  -1.11060  15.52963  -7.32437  2.49992  -2.88869  -10.16297 
 -82.15672  4.32986  -12.47480  0.77617  6.96011  -1.20219  1.37410  -4.00057  -0.36423  -8.75744  -1.65363  -10.72531 
 -109.94969  28.30745  -29.00323  -3.93492  -1.14315  3.17688  9.54573  -7.72220  1.95376  -9.27394  1.98579  -0.53480 
 -78.72528  3.55068  15.56188  5.56660  -0.97919  -8.24575  -6.98838  10.36035  -1.84847  -2.32776  1.09537  -6.14906 
 -73.55402  -8.34912  0.23700  -3.05404  0.17198  -2.46439  0.72919  4.50528  -2.58824  -0.19734  2.17027  2.02422 
 -70.77664  -8.59363  9.57171  -11.69990  16.09789  4.94868  2.35131  11.82412  3.33649  11.77555  6.94666  -1.86308 
 -62.75040  -13.32145  13.28476  0.56136  27.78577  18.70044  -2.38219  19.13433  -8.70910  5.78502  -2.13740  -8.65455 
 -73.49821  -13.13842  0.10426  3.86330  17.89249  11.60946  0.38672  6.59897  -4.58809  -2.12874  -1.68360  -10.19479 
 -115.78203  -0.09855  -9.52915  -11.70952  -23.76753  -10.12119  5.34579  -15.32812  2.04002  -0.72072  -1.18570  -7.48434 
 -77.89825  4.10373  19.96951  6.38278  -2.72016  -6.69840  -9.55858  7.44533  -2.66273  2.29444  2.05299  -7.47510 
 -76.00205  -4.69201  5.12789  -0.11498  -1.52806  -5.57264  -0.95957  7.05726  -5.40347  -3.29089  1.61462  -0.94945 
 -70.42488  -8.62639  3.71933  -8.06935  9.49510  3.65071  1.16458  7.07953  2.45450  7.42249  4.23191  2.30542 
 -62.92096  -7.92607  16.49040  -4.23442  30.11081  15.67552  -1.71582  22.00367  -6.19542  9.79362  2.25942  -8.08853 
 -51.79159  -12.05237  8.23997  -4.80064  12.09401  7.08410  -10.53627  12.16444  -8.64884  7.66497  -0.31081  -4.35328 
 -13.67949  -16.94156  -14.72358  -30.36575  -41.04883  -26.64804  -4.45791  -15.59923  -10.59644  -5.64269  -10.85503  -10.93131 
 -23.08569  -20.81987  -12.57123  -21.39782  -28.87598  -7.54975  3.12046  2.05786  -10.17986  -1.67258  -5.74921  -9.72365 
 -67.58013  -2.36749  2.75722  -5.85400  -4.50600  -2.13062  5.29695  16.17469  -3.43506  -4.53898  -1.22205  -5.76570 
 -71.55040  -8.65930  0.29092  -4.36222  2.74660  -0.04955  1.42358  4.86388  -0.24846  2.38800  2.56579  2.79304 
 -70.79256  -7.85564  12.98245  -12.69375  19.58652  5.40586  3.25654  16.27887  3.32007  14.28899  8.90195  -4.07402 
 -56.71054  -15.49791  7.71095  -4.76337  20.96149  17.23730  -0.14303  21.12111  -7.31006  6.54029  -2.15141  -7.53030 
 -27.53285  -28.41571  -12.10073  -14.77807  -5.58709  0.67846  -0.98961  10.68101  -18.55318  -3.49562  -3.17174  -3.08901 
 -9.14277  -53.81674  -21.87932  -17.77719  -3.69170  -8.67959  -1.77370  -2.15837  -17.03208  -16.12916  -7.69070  3.65881 
 -57.75302  -10.49780  -9.25066  -7.06541  5.28153  3.71343  -2.51165  9.52615  -8.99558  -8.68775  -0.19127  -0.30345 
 -74.42236  -7.22293  1.22451  -2.36144  -1.29236  -4.13260  0.32372  5.60494  -4.73816  -2.68304  1.47235  0.59605 
 -70.57310  -8.64904  6.27322  -10.12153  12.79460  4.63668  1.48380  9.07999  3.12561  9.71831  5.44267  0.60564 
 -60.63572  -11.43130  14.75110  -1.91185  28.48657  17.68391  -3.51180  21.01355  -8.53066  8.13540  -0.02824  -7.25584 
 -46.75142  -20.15216  -2.39825  -7.30690  12.57296  9.56150  -8.07706  12.53222  -10.77153  2.03254  -3.81727  -1.83338 
 -1.76006  -45.50154  -31.91437  -15.54841  0.89688  -8.73773  -16.17197  -5.12902  -9.00798  -16.24754  -12.63426  3.76340 
 -36.83273  -17.69607  -22.86479  -12.11354  2.90618  -2.08608  -10.60105  6.67585  -8.86987  -10.06191  -2.83383  -0.19104 
 -73.32522  -3.64590  4.91102  -0.55784  -0.66991  -4.57829  -0.73053  9.32595  -6.04121  -5.34952  -0.17071  -2.58030 
 -70.65254  -8.57242  1.79974  -5.87098  6.13950  1.99762  1.17791  5.55223  1.34247  4.97790  3.39466  3.14251 
 -66.35302  -5.26419  16.71341  -9.97588  25.55097  8.39475  1.59268  19.98376  -0.94479  12.69261  6.73762  -7.05571 
 -53.72216  -13.89144  7.23402  -5.27313  16.59400  12.29831  -5.38669  16.81951  -7.83777  6.54053  -1.79844  -5.46867 
 -17.98387  -16.59065  -17.53276  -20.29730  -5.28455  -6.37353  -10.99194  8.33488  -12.52161  -7.84837  -9.47610  -2.75947 
 15.25980  -10.19500  -34.86664  -17.74635  -9.75822  -25.07342  -15.51649  -1.17383  -11.64512  -20.55478  -9.97822  -2.76226 
 -77.15405  2.98727  15.99174  5.15850  -0.78903  -7.89453  -7.34581  10.57840  -2.58881  -1.85190  1.04720  -5.58772 
 -73.52259  -8.36669  0.24251  -3.10552  0.14553  -2.50256  0.67982  4.48866  -2.61239  -0.17450  2.19818  2.07338 
 -70.77664  -8.59363  9.57171  -11.69990  16.09789  4.94868  2.35131  11.82412  3.33649  11.77555  6.94666  -1.86308 
 -60.33214  -13.33567  12.86854  -1.05124  26.04064  17.50815  -3.26905  19.58056  -8.55548  7.08247  -1.27585  -7.25160 
 -49.89205  -19.35776  -2.24866  -7.44148  8.41393  9.58543  -3.96253  13.54983  -9.50501  2.77604  -3.39604  -4.26720 
 28.00331  -14.47191  -12.15199  0.65830  3.02263  -3.59470  6.93406  8.31087  -4.21163  -2.26761  -4.67215  6.02507 

 ####### 桑.wav ######
 x:61 y:12
 -87.18635  5.19764  -14.40646  4.50234  -17.20059  -9.28745  -6.05996  -13.95349  -6.86729  -11.34678  -5.72517  -15.82425 
 -77.70876  6.66451  16.83602  5.17771  -1.57305  -5.54121  -10.64714  7.81643  -1.66073  0.33293  1.55678  -7.56283 
 -76.91102  -2.24854  8.84637  2.16554  -0.84616  -6.30545  -2.67541  8.48005  -5.14506  -3.60986  1.33759  -2.76581 
 -70.67655  -8.55208  1.79733  -5.84111  6.15039  1.99651  1.16160  5.52932  1.32033  4.92605  3.39897  3.12843 
 -66.32486  -5.23477  16.75129  -9.93618  25.59097  8.42933  1.62915  20.00760  -0.95427  12.64329  6.68441  -7.10078 
 -63.46097  -16.94935  10.38471  1.91472  24.57626  18.51261  -2.28712  16.89172  -9.22490  4.19096  -4.58398  -8.82103 
 -65.15509  -10.23669  -2.48548  -0.41083  6.30293  4.87911  -6.90698  3.03494  -7.31107  -4.57785  -3.92068  -9.21542 
 -97.40845  -4.41236  -15.51752  9.76594  -5.05302  -2.78792  -2.99557  -4.66801  -1.18726  -10.62675  -0.22820  -11.85661 
 -77.79996  2.63075  15.78764  5.25895  -0.66879  -8.21804  -7.71977  10.24080  -2.60102  -1.84898  1.34839  -5.33723 
 -73.63664  -8.36813  0.23912  -2.99776  0.26035  -2.50946  0.57794  4.42076  -2.63230  -0.28951  2.21172  2.03324 
 -70.77664  -8.59363  9.57171  -11.69990  16.09789  4.94868  2.35131  11.82412  3.33649  11.77555  6.94666  -1.86308 
 -62.12356  -13.79824  13.63032  0.38784  27.73919  18.85246  -2.71812  19.49320  -9.12322  6.18001  -2.47295  -8.34729 
 -63.99526  -20.46615  4.97744  1.69428  16.85755  14.34235  -4.55840  11.90686  -9.97326  2.90017  -5.20890  -7.13164 
 -96.92000  -32.39795  -17.47364  -11.77843  -12.59478  -4.33168  -1.80813  4.05422  2.79512  -2.52689  4.18941  -7.48479 
 -76.74156  4.86808  17.91059  4.99220  -0.93094  -6.39165  -10.09886  8.99939  -2.72604  -0.09660  2.01327  -5.23525 
 -76.18548  -4.80322  4.97641  -0.08462  -1.38458  -5.60196  -1.11849  6.95650  -5.40376  -3.38887  1.69317  -0.90380 
 -70.43374  -8.61574  3.72166  -8.04742  9.50835  3.65578  1.16322  7.07399  2.44406  7.39273  4.22117  2.29164 
 -62.93876  -7.93119  16.50195  -4.21755  30.12164  15.67487  -1.72746  21.98106  -6.20982  9.80396  2.30353  -8.01196 
 -63.50847  -18.30371  8.90070  2.00650  22.43054  17.51438  -2.97215  15.38638  -9.69874  3.69290  -5.16024  -8.28707 
 1.57374  -1.33044  -23.10133  -14.75325  -15.41140  -17.00003  -8.12051  2.38740  -8.06026  -8.59450  -8.88325  0.93073 
 -20.29871  -17.10038  -30.13720  -25.68112  -14.48899  -8.13287  -8.52483  0.51457  -13.25007  -15.66124  -12.98118  -5.75340 
 -63.19975  -5.99549  -4.94496  -7.87195  0.09983  -0.17921  2.34102  12.16806  -5.06629  -3.65591  0.30932  -6.14575 
 -71.56736  -8.73556  0.16803  -4.33292  2.84144  -0.09054  1.32402  4.85350  -0.25563  2.30096  2.56904  2.74317 
 -70.79256  -7.85564  12.98245  -12.69375  19.58652  5.40586  3.25654  16.27887  3.32007  14.28899  8.90195  -4.07402 
 -56.07138  -14.62109  8.28946  -3.49342  21.89025  16.20915  -3.01782  17.53574  -9.66803  4.81509  -2.36926  -6.68302 
 -24.19956  -29.03912  -20.23476  -13.95467  2.10811  2.33762  -5.48802  8.59950  -17.63624  -7.14426  -4.92563  -2.84972 
 -4.49506  -59.27200  -36.84308  -12.33139  -3.96866  -7.94866  -5.72536  -0.81332  -16.60254  -11.93521  -4.15168  -2.78327 
 -50.21463  -15.52897  -15.45805  -7.69617  7.11507  5.22655  -5.32649  6.55375  -7.28679  -3.78542  2.86408  -2.68771 
 -73.51962  -8.71351  -0.91391  -2.86232  -0.12230  -3.07180  -0.58696  4.12151  -4.73633  -1.40313  3.06575  1.24053 
 -70.57833  -8.64579  6.27384  -10.11068  12.80187  4.64134  1.48527  9.07770  3.11904  9.70285  5.43574  0.59715 
 -60.67911  -11.80306  14.47862  -1.76192  28.77007  17.87344  -3.13648  21.13329  -8.80237  7.42983  -0.51992  -7.77209 
 -40.23809  -22.10525  -6.90317  -8.52192  11.69193  7.10798  -8.17573  13.39081  -8.99422  2.79847  -3.20421  -4.33415 
 -9.17212  -54.12880  -45.60421  -13.07126  -2.17187  -25.70393  -14.48209  -7.68947  -13.61631  -15.11795  -16.40679  -9.18486 
 -29.85905  -21.54466  -23.42313  -5.09396  5.94307  -7.40551  -13.99598  9.07328  -2.70602  -6.42203  -7.47957  -11.92417 
 -69.93875  -5.27301  1.49455  -1.88411  -0.41741  -4.93458  -1.48391  10.27605  -2.11392  -0.58104  1.92589  -5.53952 
 -70.68505  -8.56771  1.80005  -5.82166  6.16404  1.99729  1.15737  5.50392  1.27841  4.90079  3.39527  3.11365 
 -66.29608  -5.23549  16.73110  -9.96893  25.55122  8.39741  1.57049  19.93009  -0.97319  12.70836  6.71712  -7.17228 
 -52.51568  -15.04632  5.95229  -5.36534  16.65088  12.07841  -4.39176  19.70036  -5.03380  6.48423  -5.17766  -10.15719 
 -14.40917  -31.75263  -25.69951  -13.37280  0.33633  -11.65987  -17.97345  7.31413  -6.93675  -4.97913  -18.14903  -15.92206 
 25.98124  -36.80937  -46.98150  4.87899  -3.46778  -23.19738  1.78291  -5.81275  -1.43231  -3.68212  -23.53682  -10.84879 
 -63.87291  0.72712  4.87330  -3.61253  -2.71165  -5.19106  -3.36384  14.71114  0.33955  -2.85666  -3.55478  -10.98688 
 -73.30252  -8.43850  -0.16858  -3.50105  -0.08142  -2.48628  0.90472  4.89672  -2.21322  -0.16986  1.93695  1.52244 
 -70.77664  -8.59363  9.57171  -11.69990  16.09789  4.94868  2.35131  11.82412  3.33649  11.77555  6.94666  -1.86308 
 -57.83194  -11.86473  12.78069  -2.69269  23.68746  15.20553  -4.87538  19.13708  -8.02627  8.03123  -0.56695  -6.83086 
 -36.91303  -9.31481  0.98714  -12.32358  1.07309  2.61272  -9.96676  11.60491  -9.57723  1.97837  -9.12713  -11.69138 
 14.59525  -13.18585  -37.26350  -15.96492  -18.12307  -16.23074  -0.15151  -11.17198  -15.84489  -8.46637  -14.57659  -13.84775 
 -50.23809  7.92743  3.20068  -11.58809  -6.90744  -1.29801  -3.18093  9.27456  -10.00884  -10.01988  -5.36951  -8.15145 
 -74.76722  -4.31389  4.60096  -0.88045  -2.02156  -5.74081  -0.95302  7.17407  -5.04879  -2.79814  2.53745  -0.09818 
 -70.43348  -8.61536  3.72205  -8.04680  9.50947  3.65807  1.16571  7.07581  2.44551  7.39402  4.22219  2.29195 
 -62.60693  -7.74081  16.49833  -4.41752  29.76661  15.24279  -2.13871  21.69470  -6.29375  9.97748  2.73614  -7.38384 
 -51.59311  -11.69314  9.23505  -2.70287  15.24372  10.38760  -8.48555  11.96257  -11.42052  3.15272  -5.08578  -7.99156 
 0.97331  -9.77317  -30.22501  -20.23571  -13.37168  -11.65611  -5.88720  -13.53783  -25.49312  -9.02538  -13.50240  -7.59988 
 -39.10513  1.35785  -12.32341  -23.93165  -10.07276  1.16729  -12.78176  -8.94514  -15.89942  -13.22330  -10.15121  0.90591 
 -77.56057  -0.14188  12.29781  4.25778  0.32327  -6.48794  -4.87006  8.77596  -5.75922  -5.00088  -0.32904  -5.06669 
 -71.78763  -8.56997  0.52853  -4.02164  2.97716  -0.11975  1.09932  4.57075  -0.41602  2.29872  2.73480  2.98236 
 -70.79256  -7.85564  12.98245  -12.69375  19.58652  5.40586  3.25654  16.27887  3.32007  14.28899  8.90195  -4.07402 
 -60.58091  -14.36029  11.88706  -0.03876  24.09626  16.63580  -4.02325  17.58017  -8.61719  6.58087  -1.88856  -7.03017 
 -49.16719  -12.42241  5.61261  -3.25833  5.50137  2.09201  -15.03057  3.58403  -13.97512  2.45277  -3.95765  -4.50610 
 4.93665  1.83600  -9.95692  -13.55381  -4.91571  -0.54654  -6.93236  -10.40858  -13.98717  -7.63176  -3.18528  -0.58302 
 23.49430  4.94516  -17.55531  -14.90816  -2.88523  -10.17316  2.50623  -9.00068  -20.54371  -7.02292  -5.78589  -2.22168 
 41.23255  14.81568  -9.82857  -5.36706  0.59903  -7.66015  3.46626  -4.95131  -18.52666  -3.58961  3.34492  -2.59849 
