 #### 你好小桑 ########
x:209 y:12
-18.52476  19.25808  0.59203  -11.38410  -13.63879  -3.02093  -8.07396  -15.76846  -8.24461  -3.77840  -5.80043  -0.50867 
-80.12432  -10.00595  -0.94094  -3.28673  -7.13604  -8.53820  -3.47299  -3.58638  -0.17033  -1.56124  -5.58442  -4.14864
-83.97766  -12.26703  -3.32815  -8.75315  -4.74215  -1.19469  -0.86196  -0.27342  -0.38447  -3.09854  -1.24665  0.09815
-78.78412  -4.05869  0.04690  -13.30091  1.84047  1.73389  -6.86543  2.33923  -4.03137  0.34057  -1.99660  -1.53247
-102.79636  5.46661  9.10957  -8.71102  15.96357  5.25719  -10.36856  15.44740  -11.33467  11.39204  -0.71037  -4.17343
-75.02041  -8.73485  -6.56558  -9.99035  0.06110  -4.79281  -11.17316  3.38232  -12.06975  3.23003  -2.19427  -3.34606
-24.79931  -8.77125  -10.26035  -5.78322  -24.32561  -9.28335  -21.74097  -13.31760  -16.10243  -12.95678  -7.65828  -4.62267
1.48059  7.56530  -7.33934  -18.52988  -24.69309  -11.82732  1.28567  -19.04459  -23.87431  -16.58926  -15.59611  -6.32698
-67.46315  -3.62847  0.80525  -7.13780  -9.28288  -12.11330  -9.74371  -9.98171  -9.59652  -13.88855  -10.85750  -4.46255
-76.95883  -6.86653  -1.55651  -11.06421  -1.84900  0.33981  -5.34946  -0.46269  -3.47988  -2.32532  -1.97801  -0.64568 
-90.34016  -0.10733  3.85882  -13.79850  8.43944  3.14665  -7.13236  10.94982  -6.41010  7.36275  -0.31804  -2.71325
-81.44806  -2.05978  -1.68328  -9.55373  7.96955  2.78639  -5.67032  8.48150  -16.96930  -1.86336  -8.66897  -9.83603 
-46.32224  -7.85868  -7.02308  -10.18148  -11.22728  -5.69606  -11.84854  -4.69457  -17.97168  -12.00988  -10.23368  -8.13651 
-35.55531  2.02781  18.30607  -48.64364  -23.17090  -5.19180  -19.28189  -7.22432  -18.00206  -13.62463  -15.21189  -8.45138 
-50.10157  7.93464  8.86366  -28.61886  -13.83384  -8.62401  -12.88746  -9.51785  -12.49623  -11.86828  -8.69632  -2.59077 
-73.13319  -5.02256  -1.22493  -11.37220  -7.89742  -4.84634  -7.48181  -5.99004  -5.49049  -5.59154  -2.42784  0.17654
-80.70918  -2.29514  1.15931  -13.94484  3.93100  2.35184  -7.14443  4.38405  -4.27408  2.25937  -1.79962  -1.96805 
-92.78714  5.37705  4.37472  -12.64123  8.53228  -1.31094  -13.52654  13.07598  -8.62206  13.25602  1.22034  -1.58543 
-58.61435  -1.22920  0.50163  -8.94130  -4.54816  -9.68026  -18.79996  -2.48325  -11.75273  1.47949  -3.57717  -2.71956 
-39.63093  -3.74439  16.75944  -45.55384  -9.86881  -5.11656  -28.13378  -6.13608  -19.15380  -9.55544  -13.45287  0.73266 
-40.13305  -3.11329  23.53550  -53.19477  -12.51301  -6.53775  -28.73753  -7.97287  -20.49522  -9.60017  -14.65787  8.49742 
-70.79198  -2.89020  3.37549  -9.21279  -10.99264  -12.66756  -11.79807  -9.29253  -6.82406  -8.79972  -5.46970  1.61643 
-77.58646  -5.54772  -0.79282  -12.29037  -0.16564  0.98422  -6.31705  0.70976  -3.77630  -1.07472  -1.93970  -0.96665 
-98.10496  2.18654  6.85481  -12.54194  11.94918  4.72251  -7.85213  15.04285  -9.43968  10.01136  1.07707  -2.83523 
-67.85530  1.08933  -1.51004  -12.61714  -0.23545  -3.66516  -10.03323  5.62406  -14.01593  0.63631  -2.79373  -2.92140 
-45.04146  -5.99423  5.21727  -18.46075  -15.34247  -6.96905  -20.95150  -8.03750  -12.92681  -8.84097  -4.81497  7.07639 
-55.42924  2.83963  35.15571  -42.27688  -14.62655  -7.61960  -28.72335  -18.70504  -9.69214  0.55429  -14.56434  10.17374 
-61.17584  3.58546  7.83462  -10.74177  -15.32969  -16.40487  -14.50541  -11.50253  -2.79308  -4.00237  -2.03506  3.88802 
-76.46222  -7.12953  -1.79590  -10.46696  -4.15873  -1.32854  -5.51631  -2.45746  -3.50374  -3.08728  -1.22367  0.59924 
-84.44085  -1.01180  2.27610  -14.28434  5.95825  2.70835  -7.19994  7.03155  -4.98637  4.49662  -1.46427  -2.58307 
-87.76030  0.90003  0.50374  -12.04710  5.89841  -3.58224  -14.74555  6.87403  -12.63701  9.18614  1.22974  -0.31303 
-64.74054  -13.57171  -9.64865  -11.58442  -10.16571  -13.17870  -21.78116  -9.37279  -17.07844  -1.79842  -0.95860  0.83799 
-37.45189  -8.53528  6.14810  -42.84028  -23.03688  -19.55501  -13.76971  -6.47747  -9.54950  0.90157  -2.04182  13.99040 
-53.34491  0.23464  -3.47749  -17.18596  -19.79092  -18.47919  -13.42713  -12.62732  -8.22417  -4.90585  -2.16514  3.95277 
-80.28223  -9.70486  -2.43232  -9.60716  -7.00669  -4.37396  -4.44364  -3.52938  -2.57662  -3.90411  -0.63212  1.90203 
-78.75193  -4.02750  0.07314  -13.27786  1.86555  1.76085  -6.83900  2.36694  -4.00169  0.36817  -1.97165  -1.50785 
-102.43585  5.76492  9.21567  -8.92688  15.39297  4.46189  -11.07463  15.21841  -10.91230  12.23166  0.08359  -3.74824 
-77.24557  -10.79264  -8.38498  -11.58091  -1.36531  -5.96805  -11.69466  4.18412  -9.58701  6.83300  1.24367  -1.03535 
-50.96531  -25.56543  -16.65810  -4.06899  -17.07968  -6.80468  -16.97717  -7.16377  -6.46057  -0.42013  2.25790  4.58406 
-51.27793  -38.68140  -24.23649  -8.90145  6.67900  -15.39841  -6.58594  1.51100  -6.16713  -8.75776  8.49368  -9.62648 
-92.26235  -18.71138  -6.08951  -9.33137  -7.99968  -6.09630  -0.39005  1.51079  3.35187  -2.74199  -2.75699  -0.03840 
-77.93316  -7.21338  -1.58422  -10.96890  -1.55662  0.74729  -5.09002  -0.28913  -3.19622  -2.01809  -1.68650  -0.44774 
-90.34016  -0.10733  3.85882  -13.79850  8.43944  3.14665  -7.13236  10.94982  -6.41010  7.36275  -0.31804  -2.71325 
-85.58986  -4.81604  -3.65618  -11.36235  5.61452  -0.53142  -8.38285  9.81985  -10.42535  6.82569  -1.66710  -4.06723 
-63.45137  -18.81811  -11.18243  -5.23350  -4.96059  -1.33421  -7.28377  3.00356  -6.71326  0.95180  -2.01152  -3.40181 
-68.48242  -34.20347  -17.02824  6.77682  12.30944  -20.43287  -11.15162  -4.96182  -7.09155  -10.71095  -10.41696  -12.58114 
-73.65896  -9.14499  1.21953  0.15519  -1.28112  -5.58976  -2.62309  0.32278  6.04334  1.08532  -2.34113  -1.78046 
-80.75775  -10.23299  -2.69151  -8.98368  -3.83444  -0.27762  -2.28492  -0.99151  -1.67586  -2.97294  -1.08832  0.24778 
-80.79221  -2.39325  1.06030  -14.03544  3.84956  2.28440  -7.19849  4.32706  -4.34619  2.17620  -1.90047  -2.08499 
-95.97218  3.01996  3.71032  -11.01045  12.14615  3.33542  -9.55361  14.13787  -11.02425  9.53159  -1.71178  -3.97117 
-72.72841  -13.04930  -8.76871  -8.34293  -0.02251  -1.86095  -6.91351  5.71331  -8.83876  3.47149  -1.54181  -3.53875 
-55.76172  -31.22613  -19.35145  0.75997  -0.83465  -2.49346  -10.47151  -0.83176  -1.42601  -0.18562  -4.64280  -1.83589 
-30.54518  -35.07620  -29.14979  -3.89401  8.65682  -13.79042  -26.92095  -9.96764  -5.41057  -5.92287  -7.21826  -0.76619 
-80.13295  -12.43582  -4.20532  -8.27883  -6.09792  -6.51999  -6.38682  -4.57083  -0.78242  -3.73462  -3.35101  -2.15734 
-77.88302  -5.69284  -0.83944  -12.19148  0.07198  1.23293  -6.19112  0.77589  -3.67871  -0.97828  -1.88222  -1.02386 
-98.10496  2.18654  6.85481  -12.54194  11.94918  4.72251  -7.85213  15.04285  -9.43968  10.01136  1.07707  -2.83523 
-80.48872  -8.90963  -7.48127  -11.33062  3.49413  -2.74598  -11.25415  4.63063  -12.03550  5.17205  -2.47624  -5.44449 
-48.40711  -33.33174  -29.43261  -7.64877  -1.61209  -2.14705  -18.76094  -9.20788  -10.98926  -2.86348  -6.83073  -6.08858 
-17.77443  -54.47485  -46.93116  -19.38987  17.49137  -11.15492  -31.02600  -5.71463  -15.64839  -15.94418  -13.48764  -8.37466 
-71.40041  -35.20067  -30.00343  -11.00854  5.54056  -1.53065  -12.58920  -14.11813  -3.69171  -6.33493  -8.45434  -5.29420 
-78.01872  -9.96016  -3.86594  -9.72749  -1.26691  1.18070  -4.66906  -2.17812  -2.44016  -1.75612  -0.95677  -0.39423 
-84.44085  -1.01180  2.27610  -14.28434  5.95825  2.70835  -7.19994  7.03155  -4.98637  4.49662  -1.46427  -2.58307 
-90.23135  -2.82123  -2.43789  -11.56836  10.13516  2.39306  -8.96975  11.62929  -9.98771  8.15538  -3.19238  -5.13386 
-62.01862  -24.61536  -20.79701  -6.45851  6.99607  3.76721  -10.36678  -0.76172  -8.59636  3.23929  -3.68989  -6.24990 
-23.36403  -55.60548  -41.96453  -29.27110  17.51690  -9.86740  -29.92529  -5.27031  -13.26346  -10.20407  -9.58705  -12.89222 
-39.16647  -37.45867  -37.70654  -19.91604  14.81374  -7.53948  -22.11836  -8.62211  -10.28379  -3.76087  -2.63579  -5.36682 
-78.93893  -18.55285  -10.49861  -8.42464  -0.42495  -0.71662  -3.32147  -1.55683  -0.11693  -2.15695  -1.12313  0.25685 
-78.77037  -4.12405  0.02951  -13.26305  1.83664  1.69762  -6.84797  2.38196  -4.03676  0.31422  -2.00381  -1.51465 
-103.51564  4.75889  9.49121  -7.18298  17.61460  6.27486  -10.41945  13.95694  -13.40276  10.72574  0.44661  -3.30163 
-74.49326  -13.04501  -9.27282  -7.20030  5.85166  -1.26332  -11.71319  0.28712  -14.87872  3.38273  1.72429  -1.98846 
-34.32322  -37.02355  -30.33276  -18.30175  11.44306  -3.96999  -24.92622  -4.01107  -12.60893  1.00812  0.22120  -3.10435 
-8.07815  -34.97649  -30.41767  -33.36436  34.73265  -13.11649  -19.46396  1.18368  -8.43820  -3.25934  1.67165  -2.21563 
-66.59361  -22.26069  -22.20574  -15.00392  2.11344  1.76398  -4.91782  -8.16189  -1.62275  -0.39066  -0.06582  -0.49323 
-77.51493  -8.00907  -2.48792  -10.73000  -0.48486  1.26757  -5.67473  -1.05284  -3.15174  -1.42824  -1.42822  -0.72304 
-90.34016  -0.10733  3.85882  -13.79850  8.43944  3.14665  -7.13236  10.94982  -6.41010  7.36275  -0.31804  -2.71325 
-83.57428  -5.20031  -5.16032  -12.81634  4.22792  -2.88071  -11.84701  7.26076  -10.16205  9.00215  -0.45436  -4.54187 
-50.67412  -27.56984  -28.95104  -16.35036  -0.44838  1.43981  -12.73553  -6.08508  -13.14392  1.51294  -2.14289  -5.77830 
-8.32628  -28.69384  -37.92416  -38.94160  26.40690  -6.68034  -12.64738  -4.69018  -14.28130  -1.66685  -2.90485  -6.30927 
-40.52220  -21.45706  -30.86717  -19.48272  8.58348  3.91772  -2.93474  -6.34242  -7.94414  -2.74912  -1.52732  -1.49052 
-77.82161  -12.21563  -5.19371  -8.90764  -2.86398  -0.76376  -3.35452  -1.52312  -2.26644  -3.47454  -1.22028  0.85165 
-80.85130  -2.51174  0.91837  -14.17611  3.70925  2.15471  -7.31263  4.20404  -4.49460  2.01253  -2.08758  -2.29575 
-95.54627  2.12815  3.59309  -9.74449  13.52291  3.81522  -10.65974  11.23854  -13.42333  10.81178  2.31366  -2.50187 
-65.15867  -15.45703  -15.86427  -13.14147  0.16974  0.79992  -6.15035  2.13659  -13.83563  1.35636  1.19070  -3.68505 
-17.50436  -30.63355  -42.03311  -35.95565  1.51410  -2.08296  -18.21229  -5.92245  -19.37813  -6.80616  -4.98864  -9.85059 
-8.25674  -25.34504  -39.71833  -40.44638  6.99694  -2.56945  -17.80649  -5.21103  -14.24112  -3.28554  -6.39795  -10.53129 
-77.53412  -13.33457  -9.05534  -14.11353  -8.30243  -3.69647  -1.78579  -2.11662  -0.57274  -3.28585  -1.90321  -1.03101 
-77.97512  -5.72651  -0.84545  -12.22589  -0.00453  1.14947  -6.25571  0.70994  -3.76403  -1.05845  -1.92237  -1.02938 
-98.10496  2.18654  6.85481  -12.54194  11.94918  4.72251  -7.85213  15.04285  -9.43968  10.01136  1.07707  -2.83523 
-78.64783  -7.63531  -7.48574  -12.57677  2.17821  -2.48619  -8.71033  8.63559  -7.87826  9.31024  2.70046  0.55760 
-38.52303  -16.00293  -19.32795  -12.58332  -11.15955  -4.28267  -11.07754  -0.12363  -4.39551  2.12509  -3.37823  -3.69808 
-1.24925  -17.97363  -34.62200  -40.44407  4.86357  -28.54887  -29.48849  -8.15425  -3.92331  -10.53204  -8.78393  -6.13879 
-84.03646  -13.03567  -4.10295  -11.13883  -14.31492  -14.23164  -7.02202  -3.19583  1.39241  -3.91568  -5.02641  -2.39962 
-78.84530  -8.66141  -2.17405  -9.77504  -2.83108  0.28057  -3.78727  -0.94753  -2.52772  -2.69948  -1.41857  0.02726 
-84.44085  -1.01180  2.27610  -14.28434  5.95825  2.70835  -7.19994  7.03155  -4.98637  4.49662  -1.46427  -2.58307 
-90.39024  -1.28416  -0.64823  -11.59487  8.35395  1.00124  -8.92655  11.74826  -10.56903  8.35132  -1.42518  -3.79623 
-68.32833  -15.60243  -10.09433  -7.07202  -2.55342  -1.87201  -6.94969  4.01486  -7.69853  2.45048  -1.19905  -3.30035 
-97.47107  16.51127  -21.02117  -14.02592  -5.86611  -9.32104  1.93324  -17.75288  3.53081  -7.28973  4.27162  -5.51225 
-105.40201  -4.19390  -17.35015  -7.04076  -10.13572  -14.74506  -2.68093  -13.26478  1.73949  -9.27186  -0.00389  -8.16287 
-84.34984  -11.75503  -3.70521  -8.44433  -5.03321  -1.47611  -1.00148  -0.51068  -0.08447  -3.60618  -0.80369  -0.23889 
-78.79467  -4.07153  0.03060  -13.31373  1.82447  1.71932  -6.87617  2.32921  -4.04105  0.32660  -2.00805  -1.55091 
-103.23100  5.05225  8.82919  -8.70852  16.32854  5.91514  -9.69931  15.75626  -11.52764  10.90463  -1.13303  -4.39769 
-77.69808  -9.74507  -7.72669  -9.27104  1.89497  -1.36605  -6.76036  6.99785  -8.99217  3.98449  -1.49718  -5.06817 
-75.62160  -6.92143  -22.79413  1.10853  -7.15927  -4.93162  2.38248  -7.12886  3.09513  -6.00708  0.86646  -5.77248 
-117.10214  21.36160  -37.27422  -11.49151  -5.10261  -0.22675  8.30932  -9.21147  -0.82111  -9.99601  1.20601  -1.93153 
-93.61333  -16.97616  -6.61241  -8.82668  -8.79982  -5.95470  -0.45776  0.47810  2.79969  -3.48878  -1.95828  -0.46999 
-77.95062  -7.20998  -1.57811  -10.96586  -1.57322  0.73753  -5.07686  -0.30457  -3.21568  -2.02122  -1.66956  -0.44644 
-90.34016  -0.10733  3.85882  -13.79850  8.43944  3.14665  -7.13236  10.94982  -6.41010  7.36275  -0.31804  -2.71325 
-85.74894  -4.72983  -3.84943  -11.42530  5.43662  -0.70663  -8.35091  9.92306  -10.08561  6.94124  -1.46959  -3.95924 
-68.80230  -14.37406  -13.91711  -4.55684  -4.88426  -2.83239  -4.85389  0.70426  -4.10303  -0.47744  0.00919  -4.47526 
-115.72972  3.39963  -9.80031  -11.83677  -20.09735  -7.68761  6.02326  -14.38474  3.03591  0.12202  1.02655  -4.40766 
-76.57569  -6.06915  3.36474  -0.36496  -5.66806  -3.57698  0.17862  -1.67472  4.69473  1.74851  -0.99478  -2.86436 
-80.80708  -10.26564  -2.68435  -8.94752  -3.85443  -0.36120  -2.34897  -0.95374  -1.63483  -3.06727  -1.20697  0.27848 
-80.79198  -2.39292  1.06065  -14.03511  3.84987  2.28467  -7.19827  4.32731  -4.34589  2.17654  -1.90007  -2.08453 
-96.06774  2.97822  3.68610  -11.05603  12.10651  3.31344  -9.58357  14.15133  -10.90969  9.65383  -1.73155  -4.07195 
-70.15153  -11.14959  -7.93904  -8.66894  -1.02022  -3.00277  -8.08819  4.73281  -9.55907  2.82481  -2.45977  -4.76796 
-16.98474  -11.08746  -14.63044  -23.02890  -36.56384  -20.18057  -7.44597  -8.75504  -8.17157  -0.08664  -6.90354  -6.17699 
-17.06482  -35.67882  -18.37300  -29.93358  -40.09511  -18.27198  -2.91591  -8.87791  -14.95379  -8.24753  -12.44691  -14.78944 
-75.60877  -12.54535  -8.20322  -15.13657  -11.36938  -4.16320  2.25314  1.55434  -1.16710  -6.63520  -5.68226  -4.27495 
-77.94586  -5.73565  -0.89210  -12.28193  -0.03985  1.14587  -6.22709  0.74409  -3.77032  -1.11028  -1.97736  -1.05875 
-98.10496  2.18654  6.85481  -12.54194  11.94918  4.72251  -7.85213  15.04285  -9.43968  10.01136  1.07707  -2.83523 
-75.79230  -7.99427  -9.80842  -15.67485  0.26233  -0.85121  -4.46557  11.38423  -8.35390  7.59137  1.26767  -1.17799 
-35.33238  -25.66393  -20.93105  -11.90459  -15.51412  -1.39979  0.67546  3.88586  -13.09887  -6.34770  -3.59904  -2.31875 
-10.63588  -55.83611  -22.40347  -20.62259  -6.21724  -11.14686  -1.53709  -3.68992  -18.99091  -16.69424  -9.10883  1.59328 
-64.23438  -26.01573  -24.12998  -14.69290  -3.93805  -4.22910  -2.97536  -5.46954  -7.55568  -12.74480  -5.40065  2.92170 
-78.42141  -9.28070  -2.78343  -9.67555  -2.51872  0.23719  -4.04961  -1.27890  -3.09296  -3.22092  -1.28098  0.76544 
-84.44085  -1.01180  2.27610  -14.28434  5.95825  2.70835  -7.19994  7.03155  -4.98637  4.49662  -1.46427  -2.58307 
-89.32787  -0.93057  -0.73884  -12.09304  7.33706  -0.35971  -10.13550  11.42865  -9.36383  10.57880  0.05429  -4.21671 
-60.15730  -19.14363  -16.93381  -10.55927  -2.61185  -1.82593  -7.72880  3.33172  -9.61706  -0.21015  -2.50865  -2.14083 
-2.24111  -47.13437  -31.18395  -16.53169  0.80512  -8.66689  -16.64966  -4.99579  -9.77677  -16.04496  -13.59592  3.86350 
-29.53409  -26.07648  -32.28729  -11.32570  -1.13791  -8.72401  -6.80462  -4.65174  -6.82910  -12.06327  -8.58778  3.17099 
-79.44716  -12.69366  -5.97377  -10.42126  -5.29191  -1.82456  -1.69332  -1.10607  -1.84151  -5.26836  -2.49616  1.28886 
-78.77417  -4.05295  0.05522  -13.28435  1.86178  1.75023  -6.86095  2.33602  -4.03054  0.35219  -1.97647  -1.50701 
-102.75685  5.34801  8.76021  -9.26703  15.32474  4.72169  -10.60233  15.63504  -10.72365  12.33233  0.29547  -3.57134 
-74.47092  -10.73836  -9.84121  -12.19504  0.46651  -1.77670  -6.58814  7.83375  -9.04676  4.92304  -1.14257  -3.46267 
-19.40145  -20.82128  -24.86806  -9.94126  -17.78739  -2.52294  -9.24716  0.27955  -9.22831  -11.38105  -8.62013  -2.65520 
13.40186  -14.27732  -37.29334  -19.51380  -10.96506  -25.80324  -16.10465  -1.74785  -12.80199  -20.42512  -11.81922  -3.48998 
-83.12234  -11.09402  -1.33464  -7.73810  -8.73839  -8.39757  -4.14758  -3.40965  -1.69445  -6.78073  -5.55906  -2.10530 
-77.91935  -7.21010  -1.59341  -10.99352  -1.58866  0.72319  -5.10666  -0.31429  -3.22770  -2.03498  -1.69691  -0.47577 
-90.34016  -0.10733  3.85882  -13.79850  8.43944  3.14665  -7.13236  10.94982  -6.41010  7.36275  -0.31804  -2.71325 
-85.73254  -4.93811  -3.73512  -11.33266  5.81936  -0.11495  -7.80897  10.37251  -10.02188  7.13837  -1.32531  -3.84642 
-63.56958  -17.88532  -10.97807  -4.81198  -4.44947  -0.01724  -5.60983  4.06032  -5.36626  1.77568  -0.59111  -3.14802 
-86.62052  3.82864  -14.43344  3.01326  -18.17844  -9.86384  -6.67494  -15.41205  -7.85861  -12.70539  -6.60104  -15.57453 
-75.31100  -4.93870  2.42556  -0.81058  -3.91613  -4.39142  -1.29568  -0.01760  4.72364  0.44271  -0.70127  -1.45591 
-80.79646  -10.24608  -2.66193  -8.92196  -3.83293  -0.36813  -2.36538  -0.94397  -1.62083  -3.06214  -1.17949  0.32990 
-80.79225  -2.39330  1.06024  -14.03550  3.84951  2.28435  -7.19853  4.32702  -4.34624  2.17614  -1.90054  -2.08506 
-95.94211  3.06493  3.71147  -11.09134  12.02695  3.21151  -9.66500  14.13463  -10.86513  9.72124  -1.66682  -4.01518 
-72.81748  -12.93517  -8.82756  -8.56562  -0.32804  -2.03644  -7.12396  5.60064  -8.73656  3.58931  -1.56577  -3.77434 
-64.05794  -16.28795  -19.87325  3.09893  -13.44059  1.38734  -5.75050  -3.23564  -0.36901  -5.12050  1.13315  -4.95997 
-89.26282  -12.70482  -11.85238  3.05840  -7.44371  -0.18235  -3.32331  -2.39113  -0.08844  -6.39962  1.03341  -6.17189 
-88.12423  -15.03175  -4.26924  -8.91593  -6.21874  -3.25004  -0.08450  0.74723  1.26766  -3.08988  -1.80374  0.00723 
-77.91831  -5.70696  -0.84613  -12.23251  0.00074  1.20242  -6.14770  0.81463  -3.71295  -1.04009  -1.90142  -0.99633 
-98.10496  2.18654  6.85481  -12.54194  11.94918  4.72251  -7.85213  15.04285  -9.43968  10.01136  1.07707  -2.83523 
-81.37747  -7.83729  -5.85495  -10.75622  3.46150  -1.45444  -7.90158  8.28540  -10.05404  5.75525  -1.52775  -3.99951 
-60.83064  -20.72512  -12.49041  -3.99286  -7.56254  -0.29826  -7.12556  1.47294  -5.49282  0.20505  -1.83030  -2.35899 
-99.30175  -34.40262  -21.35563  -13.67817  -14.52443  -6.44435  -5.20656  1.39377  1.68721  -2.74006  3.32326  -9.06122 
-97.04906  -21.40993  -7.32332  -10.32692  -10.89888  -8.99774  -0.66146  3.27550  6.68334  -0.16423  -1.95964  0.45268 
-78.83693  -8.65640  -2.15671  -9.75046  -2.82474  0.26822  -3.78986  -0.92733  -2.50581  -2.68913  -1.39302  0.05502 
-84.44085  -1.01180  2.27610  -14.28434  5.95825  2.70835  -7.19994  7.03155  -4.98637  4.49662  -1.46427  -2.58307 
-90.34828  -1.25784  -0.63620  -11.60568  8.32397  0.99916  -8.87583  11.82892  -10.48895  8.37267  -1.51598  -3.95377 
-68.11565  -15.67545  -9.98546  -7.09200  -2.55086  -1.76453  -6.86885  4.34334  -7.58937  2.63326  -1.47703  -3.56821 
-5.20247  -6.21634  -23.56325  -21.13382  -20.61425  -22.23306  -14.50945  -1.59493  -8.80907  -15.49044  -9.87079  -3.40399 
-25.17264  -10.96130  -27.66648  -22.74714  -13.74723  -10.28744  -1.35620  -3.07181  -9.99575  -14.53169  -12.44013  -6.24243 
-74.57105  -12.72397  -9.63448  -14.07775  -6.08563  0.02630  0.68856  -0.00703  -2.01731  -5.88275  -4.17851  -1.84442 
-78.68089  -4.01375  0.08508  -13.22853  1.93805  1.82877  -6.79631  2.37338  -4.00648  0.39748  -1.91003  -1.43345 
-102.69871  5.61971  9.54641  -8.10865  16.32954  5.12783  -11.08969  14.21051  -12.40837  11.48195  0.56941  -2.98196 
-70.19523  -11.94962  -13.97380  -15.72332  -0.82809  -0.98413  -5.69585  5.80328  -14.51819  -0.87382  -4.43704  -6.00896 
-20.24935  -41.31593  -38.63479  -11.89244  -13.99357  -0.57327  -4.88017  0.23942  -14.30241  -15.19853  -6.47819  -1.12049 
-3.31737  -57.33706  -36.06574  -11.29081  -3.18275  -6.59029  -4.69702  0.89332  -16.49148  -11.45962  -4.09011  -2.21066 
-65.02844  -25.30223  -23.34629  -13.76322  -0.82883  -0.70208  -2.75898  -7.06569  -7.69421  -10.52792  -4.38581  0.30030 
-77.46280  -7.73360  -2.34136  -11.16475  -1.23578  1.05983  -5.04595  -0.43943  -3.40219  -2.18004  -1.76213  -0.39705 
-90.34016  -0.10733  3.85882  -13.79850  8.43944  3.14665  -7.13236  10.94982  -6.41010  7.36275  -0.31804  -2.71325 
-83.50748  -6.34252  -5.89504  -11.75199  6.34527  -0.43294  -9.33013  8.08903  -12.43841  5.81953  -1.21831  -4.76248 
-45.88653  -30.42911  -28.48360  -10.22818  -3.75687  -4.38062  -12.42050  -0.66716  -11.53169  -5.48562  -4.66797  -3.35926 
-5.31646  -50.44348  -41.31723  -8.95409  2.49837  -20.88292  -10.10336  -3.85355  -10.37913  -11.68450  -11.46874  -5.23506 
-37.57234  -23.76908  -24.17457  -5.24803  2.34941  -8.03075  -7.09969  -0.74144  2.54625  -7.91203  -10.28210  -7.47590 
-77.90493  -11.29932  -4.79217  -9.50307  -3.56430  -0.66155  -2.70193  -0.25599  -0.67327  -3.43788  -2.74105  -1.22171 
-80.77943  -2.37598  1.07872  -14.01811  3.86574  2.29836  -7.18688  4.33943  -4.33083  2.19360  -1.87985  -2.06132 
-94.36957  3.79872  3.66793  -12.02800  9.92448  0.23186  -12.26486  13.66868  -8.44626  13.33931  0.03054  -5.41224 
-65.60051  -15.23265  -14.48749  -12.75545  -4.84556  -9.02767  -13.12651  4.46200  -7.17657  2.33956  -8.49809  -13.15667 
-9.15571  -42.51278  -42.73801  -7.69910  -12.05595  -16.52078  -17.48448  -2.18299  -6.05163  -10.28629  -22.12823  -16.92753 
4.11730  -35.70515  -36.22430  -6.23167  -4.11590  -13.17466  -11.82566  0.82253  -1.03726  -8.62749  -20.31316  -13.26643 
-73.78630  -10.89146  -6.26105  -11.08180  -7.15467  -4.09296  -0.66393  1.57707  1.81149  -6.44535  -8.72420  -6.57803 
-77.78902  -5.65517  -0.86996  -12.24424  0.07227  1.31241  -6.07607  0.87216  -3.62708  -0.97403  -1.88955  -0.99901 
-98.10496  2.18654  6.85481  -12.54194  11.94918  4.72251  -7.85213  15.04285  -9.43968  10.01136  1.07707  -2.83523 
-76.95332  -5.74703  -6.46835  -13.37663  -0.35097  -6.03386  -12.67384  4.52454  -12.07631  4.70263  -3.16509  -6.65669 
-41.33950  -16.41798  -19.53669  -15.28952  -17.30835  -7.29493  -11.47184  -1.26080  -9.80716  -7.24443  -13.48841  -13.37163 
10.46850  -16.96303  -41.38894  -19.12257  -21.35856  -19.18878  -2.62656  -13.46619  -17.60120  -9.54304  -15.98276  -15.29579 
-60.84498  -2.20558  -4.24322  -14.36575  -13.30825  -7.99254  -2.14715  -4.39564  -4.77310  -12.12183  -11.99325  -7.62621 
-78.20254  -8.23864  -2.21833  -10.12513  -3.07129  0.23873  -3.92206  -1.23077  -2.82951  -3.06154  -1.73997  -0.11241 
-84.44085  -1.01180  2.27610  -14.28434  5.95825  2.70835  -7.19994  7.03155  -4.98637  4.49662  -1.46427  -2.58307 
-89.04251  -0.07740  -0.14366  -12.24789  6.34035  -2.23491  -12.31768  10.09869  -9.67576  10.24070  -0.71676  -4.49103 
-61.65967  -12.62839  -10.74904  -10.47743  -7.27167  -7.34277  -13.00326  -1.08486  -11.64174  -0.79454  -6.25442  -8.38230 
8.99504  -14.40604  -26.45188  -22.63941  -10.09021  -12.23751  -6.32705  -12.54198  -25.70691  -9.69616  -13.90244  -7.20116 
-48.22168  -6.16668  -16.71126  -20.27776  -14.02126  -8.33885  -5.81455  -15.25113  -17.81245  -15.29850  -10.83354  -3.87633 
-81.41666  -10.42677  -2.31233  -8.49236  -5.14205  -2.14080  -2.16517  -1.79269  -1.99500  -4.56951  -2.33730  -0.45288 
-78.77953  -4.05800  0.04534  -13.30311  1.83868  1.73451  -6.86141  2.34434  -4.02777  0.34271  -1.99566  -1.53195 
-103.05095  5.02506  8.53617  -9.19355  15.84913  5.67121  -9.52257  16.34770  -10.83679  11.29041  -1.21606  -4.71359 
-74.90335  -8.65439  -6.31976  -9.16516  2.05939  -1.15511  -5.97451  9.18108  -7.22006  5.90245  -1.97282  -5.38478 
-38.02782  -14.99813  -8.09316  1.97950  -15.58971  -0.54279  -13.66852  -4.43140  -7.74034  -7.24539  -6.25492  -8.08001 
7.30422  15.85336  -13.36601  -13.54643  -10.38748  -13.97111  -8.20828  -15.57472  -19.72046  -11.51807  -10.05905  -0.19223 
-91.18222  -17.33252  -5.32201  -9.61417  -8.83436  -7.07206  -1.80511  -0.48492  1.38675  -3.89056  -3.10027  -0.13284 
-77.93546  -7.21336  -1.58423  -10.97792  -1.57042  0.74099  -5.09301  -0.30430  -3.21708  -2.02054  -1.67964  -0.45762 
-90.34016  -0.10733  3.85882  -13.79850  8.43944  3.14665  -7.13236  10.94982  -6.41010  7.36275  -0.31804  -2.71325 
-85.60146  -4.82569  -3.66942  -11.34588  5.68953  -0.36603  -8.12664  10.10705  -10.17383  7.06551  -1.40589  -3.92381 
-63.28861  -18.39368  -10.91574  -5.21195  -4.75848  -0.50603  -6.40114  3.68673  -6.03871  1.84848  -1.09598  -2.98188 
-3.93093  -2.70991  -8.52073  -5.68535  -2.20846  -1.27176  -4.11442  -7.02712  -2.38336  1.26436  2.49875  4.90660 
-89.81630  -16.02532  -5.50771  -7.31743  -8.83863  -11.15223  -9.10028  -6.02726  -1.58344  -3.13625  -10.33035  -9.02954 
-103.81607  -20.83412  -7.47279  -9.05583  -10.90505  -13.06062  -6.81793  -2.08260  3.30047  -0.45242  -8.86138  -7.41112 
-111.32033  -24.38904  -9.22936  -9.54065  -10.37296  -11.43259  -3.88778  0.58910  4.99822  0.37428  -7.44356  -5.88096 
